{
    "CamId": "test",
    "Calib_Date": "2023_04_06_11_54_31",
    "Image_Size": [
        1440,
        1080
    ],
    "Root_Mean_Squared_Error": 4.7876610082545812e-01,
    "CamMat": {
        "type_id": "opencv-matrix",
        "rows": 3,
        "cols": 3,
        "dt": "d",
        "data": [
            1.8041112377585612e+03,
            0.0,
            7.6516559622896023e+02,
            0.0,
            1.8052446829530943e+03,
            5.8126559792209446e+02,
            0.0,
            0.0,
            1.0
        ]
    },
    "DistCoeffs": {
        "type_id": "opencv-matrix",
        "rows": 1,
        "cols": 5,
        "dt": "d",
        "data": [
            -6.2963402874603933e-02,
            -3.6416660167646858e-01,
            2.0234040789978668e-03,
            4.3547014899213282e-03,
            1.1785749504106060e+02
        ]
    }
}